#NTIMES: 1
#NVEL: 60
#TIMES[d]: 200.0
#vel_mid[km/s] Edep_t0[erg/s/cm^3]
2.524199999999999875e+02 6.407060845567063764e-08
7.500000000000000000e+02 5.251690548697416291e-08
1.250099999999999909e+03 4.256871028692764211e-08
1.749899999999999864e+03 3.429671694706554792e-08
2.250000000000000000e+03 2.752416772476102068e-08
2.750099999999999909e+03 2.205888326232500357e-08
3.249000000000000000e+03 1.765634265069275412e-08
3.750000000000000000e+03 1.413500264761056525e-08
4.251000000000000000e+03 1.131592333108429326e-08
4.749000000000000000e+03 9.072333988285386143e-09
5.250000000000000909e+03 7.283992760815970745e-09
5.751000000000000000e+03 5.856051078560051962e-09
6.249000000000000000e+03 4.713243288633123458e-09
6.750000000000000000e+03 3.787474455200149631e-09
7.251000000000000000e+03 2.959545278639266226e-09
7.749000000000000000e+03 2.218760507753495221e-09
8.250000000000000000e+03 1.597143299686555360e-09
8.751000000000000000e+03 1.105570681126670937e-09
9.249000000000000000e+03 7.378744936452342068e-10
9.750000000000000000e+03 4.763565862791278879e-10
1.025100000000000000e+04 2.997330629075972298e-10
1.074900000000000000e+04 1.858994325230692703e-10
1.125000000000000000e+04 1.162003830255393353e-10
1.175100000000000182e+04 7.560404251740252951e-11
1.224900000000000000e+04 5.340659066133236238e-11
1.275000000000000182e+04 4.066623185593523530e-11
1.325100000000000000e+04 3.132514042676973211e-11
1.374900000000000000e+04 2.429291446808835415e-11
1.425000000000000000e+04 1.889959175204909364e-11
1.475100000000000000e+04 1.472234539015714397e-11
1.524900000000000000e+04 1.152160994275428213e-11
1.575000000000000000e+04 9.037361739181866160e-12
1.625100000000000000e+04 7.116908244102495475e-12
1.674900000000000000e+04 5.600258367070236370e-12
1.725000000000000000e+04 4.437284830919066376e-12
1.775100000000000000e+04 3.513739652780259587e-12
1.824900000000000000e+04 2.774318968698694049e-12
1.875000000000000000e+04 2.207900378400210047e-12
1.925100000000000000e+04 1.752743853553010395e-12
1.974900000000000000e+04 1.403527390982531237e-12
2.025000000000000000e+04 1.115257717021610484e-12
2.075100000000000000e+04 8.899551413808905062e-13
2.124900000000000000e+04 7.151046582934931722e-13
2.175000000000000000e+04 5.745709376773340941e-13
2.225100000000000000e+04 4.553440545305696656e-13
2.274900000000000000e+04 3.704760567655649019e-13
2.325000000000000000e+04 2.964405901779324914e-13
2.375100000000000000e+04 2.394547205373037527e-13
2.424900000000000000e+04 1.921057707019290070e-13
2.475000000000000000e+04 1.550785502906439261e-13
2.525100000000000000e+04 1.236742761198173740e-13
2.574900000000000000e+04 1.006410617206335931e-13
2.625000000000000000e+04 7.958307564382965643e-14
2.675100000000000000e+04 6.455976759057929281e-14
2.724900000000000000e+04 5.216938211402982268e-14
2.775000000000000000e+04 4.230494266875737546e-14
2.825100000000000000e+04 3.410393221249222456e-14
2.874900000000000000e+04 2.829618414761316945e-14
2.925000000000000000e+04 2.229661214033607175e-14
2.975100000000000000e+04 1.836728625282349667e-14
