#NTIMES: 1
#NVEL: 60
#TIMES[d]: 200.0
#vel_mid[km/s] Edep_t0[erg/s/cm^3]
2.524199999999999875e+02 7.419990431159485895e-08
7.500000000000000000e+02 6.274860824788729795e-08
1.250099999999999909e+03 4.346707154839859838e-08
1.749899999999999864e+03 3.294352750365456367e-08
2.250000000000000000e+03 2.570783426653223877e-08
2.750099999999999909e+03 2.030066109249399812e-08
3.249000000000000000e+03 1.614613595728707138e-08
3.750000000000000000e+03 1.288915983850887076e-08
4.251000000000000000e+03 1.032046382996877481e-08
4.749000000000000000e+03 8.291260087146066367e-09
5.250000000000000909e+03 6.674619112493144928e-09
5.751000000000000000e+03 5.386302776788459979e-09
6.249000000000000000e+03 4.353149350312495400e-09
6.750000000000000000e+03 3.514387151355260802e-09
7.251000000000000000e+03 2.754213457360113719e-09
7.749000000000000000e+03 2.065331931207119615e-09
8.250000000000000000e+03 1.482067764336010441e-09
8.751000000000000000e+03 1.019924795307832047e-09
9.249000000000000000e+03 6.741308744339339377e-10
9.750000000000000000e+03 4.288754981949771159e-10
1.025100000000000000e+04 2.637428244881752049e-10
1.074900000000000000e+04 1.588678799803795156e-10
1.125000000000000000e+04 9.566415595339698426e-11
1.175100000000000182e+04 6.001013455631621856e-11
1.224900000000000000e+04 4.122544749200219257e-11
1.275000000000000182e+04 3.122989372166859557e-11
1.325100000000000000e+04 2.409225130266188175e-11
1.374900000000000000e+04 1.860678521642837866e-11
1.425000000000000000e+04 1.435777824305098779e-11
1.475100000000000000e+04 1.120396649919443389e-11
1.524900000000000000e+04 8.754184978745197759e-12
1.575000000000000000e+04 6.851041618298785681e-12
1.625100000000000000e+04 5.357060813464971475e-12
1.674900000000000000e+04 4.216448360874326489e-12
1.725000000000000000e+04 3.325957540021575571e-12
1.775100000000000000e+04 2.628068841106593364e-12
1.824900000000000000e+04 2.070797685673704255e-12
1.875000000000000000e+04 1.647211850080903619e-12
1.925100000000000000e+04 1.308860105304817307e-12
1.974900000000000000e+04 1.041739129635928757e-12
2.025000000000000000e+04 8.241962429965059274e-13
2.075100000000000000e+04 6.582314216986045686e-13
2.124900000000000000e+04 5.239936364577150186e-13
2.175000000000000000e+04 4.239865099723472861e-13
2.225100000000000000e+04 3.370945287260645713e-13
2.274900000000000000e+04 2.675831353105029518e-13
2.325000000000000000e+04 2.174774034134814233e-13
2.375100000000000000e+04 1.720511393432699700e-13
2.424900000000000000e+04 1.393036498120496700e-13
2.475000000000000000e+04 1.126675753492548520e-13
2.525100000000000000e+04 9.112433471940354197e-14
2.574900000000000000e+04 7.344964365317698094e-14
2.625000000000000000e+04 5.925312721420163430e-14
2.675100000000000000e+04 4.713699791563892383e-14
2.724900000000000000e+04 3.792606714667583985e-14
2.775000000000000000e+04 3.061539994283500642e-14
2.825100000000000000e+04 2.531452117926738013e-14
2.874900000000000000e+04 1.989478504308143042e-14
2.925000000000000000e+04 1.597674270878859330e-14
2.975100000000000000e+04 1.309684240571055896e-14
