#NTIMES: 1
#NSTAGES: 3
#TIMES[d]: 200.0
#
#TIME: 200.0
#NVEL: 25
#vel_mid[km/s] s0 s1 s2
6.750000000000000000e+03 0.000000000000000000e+00 2.452000000000000013e-01 7.548000000000000265e-01
7.251000000000000000e+03 0.000000000000000000e+00 2.424000000000000044e-01 7.576000000000000512e-01
7.749000000000000000e+03 0.000000000000000000e+00 2.585000000000000075e-01 7.415000000000000480e-01
8.250000000000000000e+03 0.000000000000000000e+00 2.863999999999999879e-01 7.136000000000000121e-01
8.751000000000000000e+03 0.000000000000000000e+00 3.197999999999999732e-01 6.802000000000000268e-01
9.249000000000000000e+03 0.000000000000000000e+00 3.554999999999999827e-01 6.444999999999999618e-01
9.750000000000000000e+03 0.000000000000000000e+00 3.940000000000000169e-01 6.059999999999999831e-01
1.025100000000000000e+04 0.000000000000000000e+00 4.365999999999999881e-01 5.634000000000000119e-01
1.074900000000000000e+04 0.000000000000000000e+00 4.818999999999999950e-01 5.181000000000000050e-01
1.125000000000000000e+04 0.000000000000000000e+00 5.221000000000000085e-01 4.778999999999999915e-01
1.175100000000000182e+04 0.000000000000000000e+00 5.500000000000000444e-01 4.500000000000000111e-01
1.224900000000000000e+04 0.000000000000000000e+00 5.562000000000000277e-01 4.437999999999999723e-01
1.275000000000000182e+04 0.000000000000000000e+00 5.426999999999999602e-01 4.572999999999999843e-01
1.325100000000000000e+04 0.000000000000000000e+00 5.252000000000000002e-01 4.747999999999999998e-01
1.374900000000000000e+04 0.000000000000000000e+00 5.068000000000000282e-01 4.932000000000000273e-01
1.425000000000000000e+04 0.000000000000000000e+00 4.863999999999999990e-01 5.135999999999999455e-01
1.475100000000000000e+04 0.000000000000000000e+00 4.655000000000000249e-01 5.344999999999999751e-01
1.524900000000000000e+04 0.000000000000000000e+00 4.437999999999999723e-01 5.562000000000000277e-01
1.575000000000000000e+04 0.000000000000000000e+00 4.208999999999999964e-01 5.790999999999999481e-01
1.625100000000000000e+04 0.000000000000000000e+00 3.975000000000000200e-01 6.025000000000000355e-01
1.674900000000000000e+04 0.000000000000000000e+00 3.739999999999999991e-01 6.260000000000000009e-01
1.725000000000000000e+04 0.000000000000000000e+00 3.497999999999999998e-01 6.502000000000000002e-01
1.775100000000000000e+04 0.000000000000000000e+00 3.254000000000000226e-01 6.745999999999999774e-01
1.824900000000000000e+04 0.000000000000000000e+00 3.019999999999999907e-01 6.979999999999999538e-01
1.875000000000000000e+04 0.000000000000000000e+00 2.782000000000000028e-01 7.217999999999999972e-01
1.925100000000000000e+04 0.000000000000000000e+00 2.554000000000000159e-01 7.446000000000000396e-01
1.974900000000000000e+04 0.000000000000000000e+00 2.378500000000000059e-01 7.621499999999999941e-01
2.025000000000000000e+04 0.000000000000000000e+00 2.174000000000000099e-01 7.825499999999999678e-01
2.075100000000000000e+04 0.000000000000000000e+00 1.953999999999999904e-01 8.045999999999999819e-01
2.124900000000000000e+04 0.000000000000000000e+00 1.773500000000000076e-01 8.226499999999999924e-01
2.175000000000000000e+04 0.000000000000000000e+00 1.589000000000000135e-01 8.410999999999999588e-01
2.225100000000000000e+04 0.000000000000000000e+00 1.422499999999999876e-01 8.577500000000000124e-01
2.274900000000000000e+04 0.000000000000000000e+00 1.262500000000000011e-01 8.737500000000000266e-01
2.325000000000000000e+04 0.000000000000000000e+00 1.122499999999999887e-01 8.877500000000000391e-01
2.375100000000000000e+04 0.000000000000000000e+00 9.934999999999999387e-02 9.006499999999999506e-01
2.424900000000000000e+04 0.000000000000000000e+00 8.790000000000000591e-02 9.121000000000000218e-01
2.475000000000000000e+04 0.000000000000000000e+00 7.779999999999999416e-02 9.222000000000000197e-01
2.525100000000000000e+04 0.000000000000000000e+00 6.850000000000000533e-02 9.314999999999999947e-01
2.574900000000000000e+04 0.000000000000000000e+00 5.985000000000000042e-02 9.401500000000000412e-01
2.625000000000000000e+04 0.000000000000000000e+00 5.310000000000000137e-02 9.468999999999999639e-01
2.675100000000000000e+04 0.000000000000000000e+00 4.660000000000000253e-02 9.534000000000000252e-01
2.724900000000000000e+04 0.000000000000000000e+00 4.170000000000000095e-02 9.583000000000000407e-01
2.775000000000000000e+04 0.000000000000000000e+00 3.594999999999999585e-02 9.640499999999999625e-01
2.825100000000000000e+04 0.000000000000000000e+00 3.150000000000000022e-02 9.685000000000000275e-01
2.874900000000000000e+04 0.000000000000000000e+00 2.860000000000000042e-02 9.714000000000000412e-01
2.925000000000000000e+04 0.000000000000000000e+00 2.489999999999999852e-02 9.750999999999999668e-01
2.975100000000000000e+04 0.000000000000000000e+00 2.170000000000000054e-02 9.782999999999999474e-01
