#NTIMES: 1
#NSTAGES: 3
#TIMES[d]: 200.0
#
#TIME: 200.0
#NVEL: 25
#vel_mid[km/s] co0 co1 co2
2.524199999999999875e+02 1.000000000000000048e-04 6.434499999999999664e-01 3.563999999999999946e-01
7.500000000000000000e+02 1.000000000000000048e-04 6.248000000000000220e-01 3.750999999999999890e-01
1.250099999999999909e+03 1.000000000000000048e-04 6.014000000000000457e-01 3.985000000000000209e-01
1.749899999999999864e+03 1.000000000000000048e-04 5.768999999999999684e-01 4.228999999999999981e-01
2.250000000000000000e+03 1.000000000000000048e-04 5.518999999999999462e-01 4.479000000000000203e-01
2.750099999999999909e+03 1.000000000000000048e-04 5.269000000000000350e-01 4.729999999999999760e-01
3.249000000000000000e+03 1.000000000000000048e-04 5.017000000000000348e-01 4.980999999999999872e-01
3.750000000000000000e+03 2.000000000000000096e-04 4.758000000000000007e-01 5.241000000000000103e-01
4.251000000000000000e+03 2.000000000000000096e-04 4.494000000000000217e-01 5.504000000000000004e-01
4.749000000000000000e+03 2.000000000000000096e-04 4.228000000000000091e-01 5.769999999999999574e-01
5.250000000000000909e+03 2.000000000000000096e-04 3.960000000000000187e-01 6.038000000000000034e-01
5.751000000000000000e+03 2.000000000000000096e-04 3.691999999999999726e-01 6.306000000000000494e-01
6.249000000000000000e+03 1.000000000000000048e-04 3.425500000000000211e-01 6.572999999999999954e-01
6.750000000000000000e+03 1.000000000000000048e-04 3.175999999999999934e-01 6.823000000000000176e-01
7.251000000000000000e+03 1.000000000000000048e-04 3.034999999999999920e-01 6.964000000000000190e-01
7.749000000000000000e+03 1.000000000000000048e-04 2.973000000000000087e-01 7.026999999999999913e-01
8.250000000000000000e+03 0.000000000000000000e+00 2.872999999999999998e-01 7.127000000000000002e-01
8.751000000000000000e+03 0.000000000000000000e+00 2.639000000000000234e-01 7.360999999999999766e-01
9.249000000000000000e+03 0.000000000000000000e+00 2.237999999999999989e-01 7.762000000000000011e-01
9.750000000000000000e+03 0.000000000000000000e+00 1.738000000000000100e-01 8.262000000000000455e-01
1.025100000000000000e+04 0.000000000000000000e+00 1.310000000000000053e-01 8.689999999999999947e-01
1.074900000000000000e+04 0.000000000000000000e+00 1.073999999999999955e-01 8.925999999999999490e-01
1.125000000000000000e+04 0.000000000000000000e+00 1.013000000000000012e-01 8.987000000000000544e-01
1.175100000000000182e+04 0.000000000000000000e+00 1.174999999999999933e-01 8.824999999999999512e-01
1.224900000000000000e+04 0.000000000000000000e+00 1.332000000000000128e-01 8.668000000000000149e-01
