#NTIMES: 1
#NSTAGES: 3
#TIMES[d]: 200.0
#
#TIME: 200.0
#NVEL: 25
#vel_mid[km/s] ca0 ca1 ca2
6.750000000000000000e+03 0.000000000000000000e+00 2.000000000000000096e-04 9.998000000000000220e-01
7.251000000000000000e+03 0.000000000000000000e+00 2.999999999999999737e-04 9.997000000000000330e-01
7.749000000000000000e+03 0.000000000000000000e+00 4.000000000000000192e-04 9.996000000000000441e-01
8.250000000000000000e+03 0.000000000000000000e+00 5.000000000000000104e-04 9.995000000000000551e-01
8.751000000000000000e+03 0.000000000000000000e+00 5.999999999999999474e-04 9.993999999999999551e-01
9.249000000000000000e+03 0.000000000000000000e+00 1.000000000000000021e-03 9.989999999999999991e-01
9.750000000000000000e+03 0.000000000000000000e+00 1.600000000000000077e-03 9.983999999999999542e-01
1.025100000000000000e+04 0.000000000000000000e+00 2.200000000000000133e-03 9.978000000000000203e-01
1.074900000000000000e+04 0.000000000000000000e+00 2.799999999999999972e-03 9.971999999999999753e-01
1.125000000000000000e+04 0.000000000000000000e+00 3.150000000000000022e-03 9.968500000000000139e-01
1.175100000000000182e+04 0.000000000000000000e+00 3.299999999999999982e-03 9.967000000000000304e-01
1.224900000000000000e+04 0.000000000000000000e+00 3.150000000000000022e-03 9.968500000000000139e-01
1.275000000000000182e+04 0.000000000000000000e+00 2.899999999999999800e-03 9.970999999999999863e-01
1.325100000000000000e+04 0.000000000000000000e+00 2.500000000000000052e-03 9.975000000000000533e-01
1.374900000000000000e+04 0.000000000000000000e+00 2.099999999999999870e-03 9.979000000000000092e-01
1.425000000000000000e+04 0.000000000000000000e+00 1.699999999999999905e-03 9.982999999999999652e-01
1.475100000000000000e+04 0.000000000000000000e+00 1.399999999999999986e-03 9.986000000000000432e-01
1.524900000000000000e+04 0.000000000000000000e+00 1.100000000000000066e-03 9.989000000000000101e-01
1.575000000000000000e+04 0.000000000000000000e+00 1.000000000000000021e-03 9.989999999999999991e-01
1.625100000000000000e+04 0.000000000000000000e+00 8.999999999999999754e-04 9.990999999999999881e-01
1.674900000000000000e+04 0.000000000000000000e+00 8.999999999999999754e-04 9.990999999999999881e-01
1.725000000000000000e+04 0.000000000000000000e+00 8.000000000000000383e-04 9.991999999999999771e-01
1.775100000000000000e+04 0.000000000000000000e+00 8.000000000000000383e-04 9.991999999999999771e-01
1.824900000000000000e+04 0.000000000000000000e+00 8.000000000000000383e-04 9.991999999999999771e-01
1.875000000000000000e+04 0.000000000000000000e+00 6.999999999999999929e-04 9.992999999999999661e-01
1.925100000000000000e+04 0.000000000000000000e+00 6.999999999999999929e-04 9.992999999999999661e-01
1.974900000000000000e+04 0.000000000000000000e+00 6.999999999999999929e-04 9.992999999999999661e-01
2.025000000000000000e+04 0.000000000000000000e+00 5.999999999999999474e-04 9.993999999999999551e-01
2.075100000000000000e+04 0.000000000000000000e+00 5.999999999999999474e-04 9.993999999999999551e-01
2.124900000000000000e+04 0.000000000000000000e+00 5.000000000000000104e-04 9.995000000000000551e-01
2.175000000000000000e+04 0.000000000000000000e+00 5.000000000000000104e-04 9.995000000000000551e-01
2.225100000000000000e+04 0.000000000000000000e+00 4.000000000000000192e-04 9.996000000000000441e-01
2.274900000000000000e+04 0.000000000000000000e+00 2.999999999999999737e-04 9.997000000000000330e-01
2.325000000000000000e+04 0.000000000000000000e+00 2.999999999999999737e-04 9.997000000000000330e-01
2.375100000000000000e+04 0.000000000000000000e+00 2.000000000000000096e-04 9.998000000000000220e-01
2.424900000000000000e+04 0.000000000000000000e+00 2.000000000000000096e-04 9.998000000000000220e-01
2.475000000000000000e+04 0.000000000000000000e+00 2.000000000000000096e-04 9.998000000000000220e-01
2.525100000000000000e+04 0.000000000000000000e+00 1.000000000000000048e-04 9.999000000000000110e-01
2.574900000000000000e+04 0.000000000000000000e+00 1.000000000000000048e-04 9.999000000000000110e-01
2.625000000000000000e+04 0.000000000000000000e+00 1.000000000000000048e-04 9.999000000000000110e-01
2.675100000000000000e+04 0.000000000000000000e+00 1.000000000000000048e-04 9.999000000000000110e-01
2.724900000000000000e+04 0.000000000000000000e+00 1.000000000000000048e-04 9.999000000000000110e-01
2.775000000000000000e+04 0.000000000000000000e+00 1.000000000000000048e-04 9.999000000000000110e-01
2.825100000000000000e+04 0.000000000000000000e+00 1.000000000000000048e-04 9.999000000000000110e-01
2.874900000000000000e+04 0.000000000000000000e+00 0.000000000000000000e+00 1.000000000000000000e+00
2.925000000000000000e+04 0.000000000000000000e+00 0.000000000000000000e+00 1.000000000000000000e+00
2.975100000000000000e+04 0.000000000000000000e+00 0.000000000000000000e+00 1.000000000000000000e+00
