#NTIMES: 1
#NSTAGES: 3
#TIMES[d]: 200.0
#
#TIME: 200.0
#NVEL: 25
#vel_mid[km/s] si0 si1 si2
6.750000000000000000e+03 0.000000000000000000e+00 1.716000000000000025e-01 8.284000000000000252e-01
7.251000000000000000e+03 0.000000000000000000e+00 1.701000000000000012e-01 8.298999999999999710e-01
7.749000000000000000e+03 0.000000000000000000e+00 1.822000000000000008e-01 8.177999999999999714e-01
8.250000000000000000e+03 0.000000000000000000e+00 2.023999999999999966e-01 7.975999999999999757e-01
8.751000000000000000e+03 0.000000000000000000e+00 2.245000000000000051e-01 7.754999999999999671e-01
9.249000000000000000e+03 0.000000000000000000e+00 2.431000000000000105e-01 7.569000000000000172e-01
9.750000000000000000e+03 0.000000000000000000e+00 2.551999999999999824e-01 7.448000000000000176e-01
1.025100000000000000e+04 0.000000000000000000e+00 2.605000000000000093e-01 7.395000000000000462e-01
1.074900000000000000e+04 0.000000000000000000e+00 2.661000000000000032e-01 7.338999999999999968e-01
1.125000000000000000e+04 0.000000000000000000e+00 2.726000000000000090e-01 7.274000000000000465e-01
1.175100000000000182e+04 0.000000000000000000e+00 2.781000000000000139e-01 7.218999999999999861e-01
1.224900000000000000e+04 0.000000000000000000e+00 2.741999999999999993e-01 7.258000000000000007e-01
1.275000000000000182e+04 0.000000000000000000e+00 2.591999999999999860e-01 7.408000000000000140e-01
1.325100000000000000e+04 0.000000000000000000e+00 2.426000000000000101e-01 7.573999999999999622e-01
1.374900000000000000e+04 0.000000000000000000e+00 2.258999999999999897e-01 7.741000000000000103e-01
1.425000000000000000e+04 0.000000000000000000e+00 2.086500000000000021e-01 7.913499999999999979e-01
1.475100000000000000e+04 0.000000000000000000e+00 1.920000000000000040e-01 8.080000000000000515e-01
1.524900000000000000e+04 0.000000000000000000e+00 1.756999999999999951e-01 8.243000000000000327e-01
1.575000000000000000e+04 0.000000000000000000e+00 1.598999999999999866e-01 8.400999999999999579e-01
1.625100000000000000e+04 0.000000000000000000e+00 1.448000000000000120e-01 8.551999999999999602e-01
1.674900000000000000e+04 0.000000000000000000e+00 1.308999999999999886e-01 8.690999999999999837e-01
1.725000000000000000e+04 0.000000000000000000e+00 1.185999999999999971e-01 8.813999999999999613e-01
1.775100000000000000e+04 0.000000000000000000e+00 1.076000000000000012e-01 8.923999999999999710e-01
1.824900000000000000e+04 0.000000000000000000e+00 9.840000000000000135e-02 9.015999999999999570e-01
1.875000000000000000e+04 0.000000000000000000e+00 9.030000000000000526e-02 9.096999999999999531e-01
1.925100000000000000e+04 0.000000000000000000e+00 8.350000000000000477e-02 9.164999999999999813e-01
1.974900000000000000e+04 0.000000000000000000e+00 7.799999999999999989e-02 9.220000000000000417e-01
2.025000000000000000e+04 0.000000000000000000e+00 7.230000000000000315e-02 9.276999999999999691e-01
2.075100000000000000e+04 0.000000000000000000e+00 6.650000000000000355e-02 9.334999999999999964e-01
2.124900000000000000e+04 0.000000000000000000e+00 6.189999999999999669e-02 9.381000000000000449e-01
2.175000000000000000e+04 0.000000000000000000e+00 5.739999999999999963e-02 9.425999999999999934e-01
2.225100000000000000e+04 0.000000000000000000e+00 5.340000000000000302e-02 9.465999999999999970e-01
2.274900000000000000e+04 0.000000000000000000e+00 4.979999999999999705e-02 9.502000000000000446e-01
2.325000000000000000e+04 0.000000000000000000e+00 4.639999999999999680e-02 9.536000000000000032e-01
2.375100000000000000e+04 0.000000000000000000e+00 4.320000000000000229e-02 9.567999999999999838e-01
2.424900000000000000e+04 0.000000000000000000e+00 4.039999999999999841e-02 9.596000000000000085e-01
2.475000000000000000e+04 0.000000000000000000e+00 3.839999999999999664e-02 9.616000000000000103e-01
2.525100000000000000e+04 0.000000000000000000e+00 3.670000000000000345e-02 9.633000000000000451e-01
2.574900000000000000e+04 0.000000000000000000e+00 3.570000000000000256e-02 9.643000000000000460e-01
2.625000000000000000e+04 0.000000000000000000e+00 3.429999999999999716e-02 9.657000000000000028e-01
2.675100000000000000e+04 0.000000000000000000e+00 3.359999999999999792e-02 9.664000000000000368e-01
2.724900000000000000e+04 0.000000000000000000e+00 3.359999999999999792e-02 9.664000000000000368e-01
2.775000000000000000e+04 0.000000000000000000e+00 3.520000000000000212e-02 9.647999999999999909e-01
2.825100000000000000e+04 0.000000000000000000e+00 3.719999999999999696e-02 9.627999999999999892e-01
2.874900000000000000e+04 0.000000000000000000e+00 3.810000000000000192e-02 9.618999999999999773e-01
2.925000000000000000e+04 0.000000000000000000e+00 4.109999999999999765e-02 9.588999999999999746e-01
2.975100000000000000e+04 0.000000000000000000e+00 4.435000000000000053e-02 9.556499999999999995e-01
