#NTIMES: 1
#NSTAGES: 3
#TIMES[d]: 200.0
#
#TIME: 200.0
#NVEL: 25
#vel_mid[km/s] fe0 fe1 fe2
2.524199999999999875e+02 0.000000000000000000e+00 4.426499999999999879e-01 5.573000000000000176e-01
7.500000000000000000e+02 0.000000000000000000e+00 4.234999999999999876e-01 5.765000000000000124e-01
1.250099999999999909e+03 0.000000000000000000e+00 4.003999999999999782e-01 5.996000000000000218e-01
1.749899999999999864e+03 0.000000000000000000e+00 3.771999999999999797e-01 6.227000000000000313e-01
2.250000000000000000e+03 0.000000000000000000e+00 3.551000000000000267e-01 6.448000000000000398e-01
2.750099999999999909e+03 0.000000000000000000e+00 3.331999999999999962e-01 6.667999999999999483e-01
3.249000000000000000e+03 0.000000000000000000e+00 3.124000000000000110e-01 6.875000000000000000e-01
3.750000000000000000e+03 0.000000000000000000e+00 2.918999999999999928e-01 7.080999999999999517e-01
4.251000000000000000e+03 0.000000000000000000e+00 2.721000000000000085e-01 7.278999999999999915e-01
4.749000000000000000e+03 0.000000000000000000e+00 2.528000000000000247e-01 7.471999999999999753e-01
5.250000000000000909e+03 0.000000000000000000e+00 2.343000000000000083e-01 7.657000000000000473e-01
5.751000000000000000e+03 0.000000000000000000e+00 2.165999999999999870e-01 7.833999999999999853e-01
6.249000000000000000e+03 0.000000000000000000e+00 1.995999999999999996e-01 8.004000000000000004e-01
6.750000000000000000e+03 0.000000000000000000e+00 1.844000000000000083e-01 8.155999999999999917e-01
7.251000000000000000e+03 0.000000000000000000e+00 1.774999999999999911e-01 8.224000000000000199e-01
7.749000000000000000e+03 0.000000000000000000e+00 1.774999999999999911e-01 8.225000000000000089e-01
8.250000000000000000e+03 0.000000000000000000e+00 1.766999999999999960e-01 8.233000000000000318e-01
8.751000000000000000e+03 0.000000000000000000e+00 1.696999999999999897e-01 8.303000000000000380e-01
9.249000000000000000e+03 0.000000000000000000e+00 1.538499999999999868e-01 8.460999999999999632e-01
9.750000000000000000e+03 0.000000000000000000e+00 1.303999999999999881e-01 8.696000000000000396e-01
1.025100000000000000e+04 0.000000000000000000e+00 1.069999999999999979e-01 8.930000000000000160e-01
1.074900000000000000e+04 0.000000000000000000e+00 9.229999999999999316e-02 9.076999999999999513e-01
1.125000000000000000e+04 0.000000000000000000e+00 8.590000000000000413e-02 9.141000000000000236e-01
1.175100000000000182e+04 0.000000000000000000e+00 8.505000000000000060e-02 9.149000000000000465e-01
1.224900000000000000e+04 0.000000000000000000e+00 8.340000000000000191e-02 9.165999999999999703e-01
