#NTIMES: 1
#TIMES[d]: 200.0
#
#TIME: 200.0
#NVEL: 60
2.524199999999985096e+02 5.593055000000000291e+03 0.000000000000000000e+00 0.000000000000000000e+00 0.000000000000000000e+00
7.500000000000000000e+02 5.647364999999999782e+03 0.000000000000000000e+00 0.000000000000000000e+00 0.000000000000000000e+00
1.250099999999989450e+03 5.732664999999999964e+03 0.000000000000000000e+00 0.000000000000000000e+00 0.000000000000000000e+00
1.749900000000014188e+03 5.829020000000000437e+03 0.000000000000000000e+00 0.000000000000000000e+00 0.000000000000000000e+00
2.250000000000000000e+03 5.932930000000000291e+03 0.000000000000000000e+00 0.000000000000000000e+00 0.000000000000000000e+00
2.750100000000000364e+03 6.046659999999999854e+03 0.000000000000000000e+00 0.000000000000000000e+00 0.000000000000000000e+00
3.249000000000000000e+03 6.170550000000000182e+03 0.000000000000000000e+00 0.000000000000000000e+00 0.000000000000000000e+00
3.750000000000000000e+03 6.307515000000000327e+03 0.000000000000000000e+00 0.000000000000000000e+00 0.000000000000000000e+00
4.251000000000000000e+03 6.458500000000000000e+03 0.000000000000000000e+00 0.000000000000000000e+00 0.000000000000000000e+00
4.749000000000000000e+03 6.624704999999999927e+03 0.000000000000000000e+00 0.000000000000000000e+00 0.000000000000000000e+00
5.250000000000000909e+03 6.808250000000000000e+03 0.000000000000000000e+00 0.000000000000000000e+00 0.000000000000000000e+00
5.751000000000000000e+03 7.009680000000000291e+03 0.000000000000000000e+00 0.000000000000000000e+00 0.000000000000000000e+00
6.249000000000000000e+03 7.232414999999999964e+03 0.000000000000000000e+00 0.000000000000000000e+00 0.000000000000000000e+00
6.750000000000000000e+03 7.462319999999999709e+03 0.000000000000000000e+00 0.000000000000000000e+00 0.000000000000000000e+00
7.251000000000000000e+03 7.577979999999999563e+03 0.000000000000000000e+00 0.000000000000000000e+00 0.000000000000000000e+00
7.749000000000000000e+03 7.539139999999999418e+03 0.000000000000000000e+00 0.000000000000000000e+00 0.000000000000000000e+00
8.250000000000000000e+03 7.398670000000000073e+03 0.000000000000000000e+00 0.000000000000000000e+00 0.000000000000000000e+00
8.751000000000000000e+03 7.190659999999999854e+03 0.000000000000000000e+00 0.000000000000000000e+00 0.000000000000000000e+00
9.249000000000000000e+03 6.924620000000000800e+03 0.000000000000000000e+00 0.000000000000000000e+00 0.000000000000000000e+00
9.750000000000000000e+03 6.591094999999999345e+03 0.000000000000000000e+00 0.000000000000000000e+00 0.000000000000000000e+00
1.025100000000000000e+04 6.201960000000000036e+03 0.000000000000000000e+00 0.000000000000000000e+00 0.000000000000000000e+00
1.074900000000000000e+04 5.814404999999999745e+03 0.000000000000000000e+00 0.000000000000000000e+00 0.000000000000000000e+00
1.125000000000000000e+04 5.478729999999999563e+03 0.000000000000000000e+00 0.000000000000000000e+00 0.000000000000000000e+00
1.175100000000000182e+04 5.229354999999999563e+03 0.000000000000000000e+00 0.000000000000000000e+00 0.000000000000000000e+00
1.224900000000000000e+04 5.084184999999999491e+03 0.000000000000000000e+00 0.000000000000000000e+00 0.000000000000000000e+00
1.275000000000000182e+04 5.024529999999999745e+03 0.000000000000000000e+00 0.000000000000000000e+00 0.000000000000000000e+00
1.325100000000000000e+04 4.986250000000000000e+03 0.000000000000000000e+00 0.000000000000000000e+00 0.000000000000000000e+00
1.374900000000000000e+04 4.961315000000000509e+03 0.000000000000000000e+00 0.000000000000000000e+00 0.000000000000000000e+00
1.425000000000000000e+04 4.949215000000000146e+03 0.000000000000000000e+00 0.000000000000000000e+00 0.000000000000000000e+00
1.475100000000000000e+04 4.935135000000000218e+03 0.000000000000000000e+00 0.000000000000000000e+00 0.000000000000000000e+00
1.524900000000000000e+04 4.936559999999999491e+03 0.000000000000000000e+00 0.000000000000000000e+00 0.000000000000000000e+00
1.575000000000000000e+04 4.952725000000000364e+03 0.000000000000000000e+00 0.000000000000000000e+00 0.000000000000000000e+00
1.625100000000000000e+04 4.977140000000000327e+03 0.000000000000000000e+00 0.000000000000000000e+00 0.000000000000000000e+00
1.674900000000000000e+04 5.008030000000000655e+03 0.000000000000000000e+00 0.000000000000000000e+00 0.000000000000000000e+00
1.725000000000000000e+04 5.052414999999999964e+03 0.000000000000000000e+00 0.000000000000000000e+00 0.000000000000000000e+00
1.775100000000000000e+04 5.109885000000000218e+03 0.000000000000000000e+00 0.000000000000000000e+00 0.000000000000000000e+00
1.824900000000000000e+04 5.175854999999999563e+03 0.000000000000000000e+00 0.000000000000000000e+00 0.000000000000000000e+00
1.875000000000000000e+04 5.261364999999999782e+03 0.000000000000000000e+00 0.000000000000000000e+00 0.000000000000000000e+00
1.925100000000000000e+04 5.360494999999999891e+03 0.000000000000000000e+00 0.000000000000000000e+00 0.000000000000000000e+00
1.974900000000000000e+04 5.474250000000000000e+03 0.000000000000000000e+00 0.000000000000000000e+00 0.000000000000000000e+00
2.025000000000000000e+04 5.605300000000000182e+03 0.000000000000000000e+00 0.000000000000000000e+00 0.000000000000000000e+00
2.075100000000000000e+04 5.782585000000000036e+03 0.000000000000000000e+00 0.000000000000000000e+00 0.000000000000000000e+00
2.124900000000000000e+04 5.928475000000000364e+03 0.000000000000000000e+00 0.000000000000000000e+00 0.000000000000000000e+00
2.175000000000000000e+04 6.153944999999999709e+03 0.000000000000000000e+00 0.000000000000000000e+00 0.000000000000000000e+00
2.225100000000000000e+04 6.389114999999999782e+03 0.000000000000000000e+00 0.000000000000000000e+00 0.000000000000000000e+00
2.274900000000000000e+04 6.709364999999999782e+03 0.000000000000000000e+00 0.000000000000000000e+00 0.000000000000000000e+00
2.325000000000000000e+04 7.068489999999999782e+03 0.000000000000000000e+00 0.000000000000000000e+00 0.000000000000000000e+00
2.375100000000000000e+04 7.498000000000000000e+03 0.000000000000000000e+00 0.000000000000000000e+00 0.000000000000000000e+00
2.424900000000000000e+04 7.979114999999999782e+03 0.000000000000000000e+00 0.000000000000000000e+00 0.000000000000000000e+00
2.475000000000000000e+04 8.557075000000000728e+03 0.000000000000000000e+00 0.000000000000000000e+00 0.000000000000000000e+00
2.525100000000000000e+04 9.198670000000000073e+03 0.000000000000000000e+00 0.000000000000000000e+00 0.000000000000000000e+00
2.574900000000000000e+04 9.963694999999999709e+03 0.000000000000000000e+00 0.000000000000000000e+00 0.000000000000000000e+00
2.625000000000000000e+04 1.064192499999999927e+04 0.000000000000000000e+00 0.000000000000000000e+00 0.000000000000000000e+00
2.675100000000000000e+04 1.141694499999999971e+04 0.000000000000000000e+00 0.000000000000000000e+00 0.000000000000000000e+00
2.724900000000000000e+04 1.202782999999999993e+04 0.000000000000000000e+00 0.000000000000000000e+00 0.000000000000000000e+00
2.775000000000000000e+04 1.293753499999999985e+04 0.000000000000000000e+00 0.000000000000000000e+00 0.000000000000000000e+00
2.825100000000000000e+04 1.375994000000000051e+04 0.000000000000000000e+00 0.000000000000000000e+00 0.000000000000000000e+00
2.874900000000000000e+04 1.429985499999999956e+04 0.000000000000000000e+00 0.000000000000000000e+00 0.000000000000000000e+00
2.925000000000000000e+04 1.518570999999999913e+04 0.000000000000000000e+00 0.000000000000000000e+00 0.000000000000000000e+00
2.975100000000000000e+04 1.613709000000000015e+04 0.000000000000000000e+00 0.000000000000000000e+00 0.000000000000000000e+00
